Dimensao,Alvo,Tempo_IO,Tempo_COMP,GFLOPS
1000,matmul_base,0.057773,1.912834,1.0456
1000,matmul_o2,0.056086,0.268540,7.4477
1000,matmul_o3,0.050370,0.074036,27.0140
1000,matmul_fast,0.049790,0.039584,50.5254
2000,matmul_base,0.205580,15.703313,1.0189
2000,matmul_o2,0.185779,2.081386,7.6872
2000,matmul_o3,0.187771,1.352659,11.8286
2000,matmul_fast,0.187480,0.438365,36.4993
4000,matmul_base,0.819944,125.228552,1.0221
4000,matmul_o2,0.749580,18.916725,6.7665
4000,matmul_o3,0.755503,10.550903,12.1317
4000,matmul_fast,0.731171,7.292447,17.5524
